phasor08_IEEE13/Sm_master/OpComm: 7,5,4,1 : 0.010000000000000 : 0.010000000000000, 0.010000000000000, 0.010000000000000, 0.010000000000000 : 1 : 0 : [8,8,8,1,0,0,0,340,250,5,170,125,0,0,0,0,0]
phasor08_IEEE13/sc_console/OpComm1: 1,1,1,1,1,1,1 : 0.000000000000000 : 0.000000000000000, 0.000000000000000, 0.000000000000000, 0.000000000000000, 0.000000000000000, 0.000000000000000, 0.000000000000000 : 1 : 0 : [0,0,0,0,0,0,0]
SampleTime=0.010000000000000
